0 0.14140625 0.1265625 0.2828125 0.2453125
0 0.47421875 0.12265625 0.3265625 0.240625
0 0.82734375 0.12890625 0.32421875 0.234375
0 0.15078125 0.38671875 0.30078125 0.23515625
0 0.49609375 0.3859375 0.31796875 0.23203125
0 0.834375 0.384375 0.32421875 0.24453125
0 0.1734375 0.63671875 0.31015625 0.22265625
0 0.52109375 0.6421875 0.32890625 0.2390625
0 0.84140625 0.6453125 0.29921875 0.2359375
0 0.21796875 0.88046875 0.31875 0.2203125
0 0.53984375 0.88515625 0.32109375 0.2265625
0 0.853125 0.88984375 0.29296875 0.2203125