4 0.08515625 0.165625 0.1453125 0.2171875
0 0.2359375 0.1671875 0.13984375 0.21953125
0 0.08515625 0.16796875 0.14453125 0.2171875
0 0.384375 0.1609375 0.14453125 0.2296875
0 0.08984375 0.3984375 0.1421875 0.221875
0 0.2421875 0.3984375 0.14609375 0.221875
0 0.3953125 0.4 0.14453125 0.2203125
0 0.09765625 0.62890625 0.14765625 0.2109375
0 0.2484375 0.62578125 0.13984375 0.20546875
0 0.3953125 0.63203125 0.13515625 0.2140625
0 0.11171875 0.8453125 0.14765625 0.203125
0 0.259375 0.85 0.13515625 0.21328125
0 0.40078125 0.85703125 0.1328125 0.21484375
1 0.61328125 0.85078125 0.12734375 0.221875
1 0.75625 0.859375 0.1359375 0.2421875