0 0.08984375 0.1109375 0.15 0.21796875
0 0.23671875 0.11796875 0.1328125 0.20546875
0 0.37734375 0.10859375 0.140625 0.21640625
0 0.109375 0.35078125 0.134375 0.22265625
0 0.25078125 0.34765625 0.1296875 0.21953125
0 0.39140625 0.34765625 0.134375 0.2234375
0 0.11484375 0.584375 0.1421875 0.21328125
0 0.25625 0.5796875 0.134375 0.2078125
0 0.3953125 0.5828125 0.13359375 0.221875
0 0.12421875 0.80546875 0.14375 0.2078125
0 0.265625 0.803125 0.13125 0.2140625
0 0.40625 0.81328125 0.13515625 0.221875
2 0.60625 0.1671875 0.15703125 0.22421875
2 0.7640625 0.16328125 0.13359375 0.23828125
2 0.9171875 0.1609375 0.15390625 0.23515625
2 0.61171875 0.41171875 0.14453125 0.2296875
2 0.76328125 0.41484375 0.14609375 0.2265625
2 0.9140625 0.4140625 0.146875 0.22109375
2 0.61640625 0.65234375 0.13359375 0.2125
2 0.7640625 0.65390625 0.13671875 0.215625
2 0.9125 0.653125 0.140625 0.2234375
2 0.62109375 0.88046875 0.13984375 0.20234375
2 0.765625 0.88515625 0.13203125 0.2078125
2 0.91171875 0.890625 0.14453125 0.21328125