1 0.06171875 0.81796875 0.09453125 0.190625
1 0.15625 0.8375 0.09140625 0.2203125
2 0.3984375 0.1578125 0.09453125 0.21640625
2 0.39375 0.39765625 0.0921875 0.21875
2 0.496875 0.39296875 0.09296875 0.2265625
2 0.6 0.40390625 0.09140625 0.228125
2 0.38984375 0.63203125 0.08671875 0.20078125
2 0.4953125 0.6390625 0.08984375 0.2140625
2 0.59609375 0.640625 0.08984375 0.21328125
2 0.39453125 0.85234375 0.09140625 0.2
2 0.4921875 0.86015625 0.09453125 0.19765625
2 0.59140625 0.8625 0.090625 0.20078125
3 0.7734375 0.4109375 0.0859375 0.2140625
3 0.7640625 0.634375 0.08984375 0.1953125
3 0.859375 0.640625 0.0890625 0.20546875
3 0.95078125 0.6484375 0.084375 0.2046875
3 0.7546875 0.85859375 0.08515625 0.2015625
3 0.84453125 0.86015625 0.08671875 0.20234375
3 0.93828125 0.865625 0.0859375 0.190625