2 0.04765625 0.19765625 0.0875 0.2046875
2 0.14921875 0.184375 0.090625 0.21640625
2 0.25 0.1734375 0.090625 0.2125
2 0.05625 0.43671875 0.09296875 0.2140625
2 0.1578125 0.42734375 0.09453125 0.2140625
2 0.0671875 0.66875 0.09375 0.1984375
2 0.16796875 0.6625 0.0953125 0.209375
2 0.08125 0.8984375 0.09296875 0.18984375
2 0.17890625 0.88671875 0.09140625 0.20625
1 0.4328125 0.1578125 0.096875 0.22578125
1 0.53984375 0.15546875 0.096875 0.2265625
1 0.434375 0.3984375 0.0921875 0.22734375
1 0.540625 0.39453125 0.10078125 0.21171875
3 0.8 0.12890625 0.0828125 0.20078125
3 0.89765625 0.11953125 0.0859375 0.2109375
3 0.79375 0.36328125 0.084375 0.21484375
3 0.89140625 0.35859375 0.08671875 0.21484375
3 0.790625 0.596875 0.08671875 0.21171875
3 0.8859375 0.59140625 0.0859375 0.19296875
3 0.7890625 0.8234375 0.08828125 0.20078125
3 0.8859375 0.8125 0.0890625 0.1984375