2 0.9390625 0.88828125 0.1109375 0.18515625
2 0.9390625 0.6734375 0.11171875 0.20390625
2 0.9484375 0.43203125 0.103125 0.228125
1 0.65390625 0.16875 0.11796875 0.22734375
1 0.7828125 0.1796875 0.11328125 0.24609375
1 0.5203125 0.4171875 0.11640625 0.24453125
1 0.65234375 0.425 0.1171875 0.221875
1 0.78125 0.43359375 0.1171875 0.2375
1 0.5203125 0.65859375 0.1140625 0.22265625
1 0.64765625 0.6609375 0.11796875 0.22734375
1 0.77109375 0.675 0.1125 0.228125
1 0.52421875 0.89296875 0.1125 0.19765625
1 0.64453125 0.8984375 0.11171875 0.19765625
1 0.76484375 0.89140625 0.11484375 0.19140625
0 0.071875 0.14140625 0.125 0.22109375
0 0.2 0.14921875 0.1125 0.2375
0 0.32890625 0.15625 0.109375 0.23984375
0 0.0859375 0.3921875 0.10703125 0.24140625
0 0.21015625 0.396875 0.11171875 0.228125
0 0.3328125 0.4046875 0.1 0.21484375
0 0.0953125 0.63515625 0.10390625 0.21875
0 0.2171875 0.64296875 0.1046875 0.215625
0 0.3421875 0.640625 0.10625 0.20546875