2 0.05 0.32421875 0.08984375 0.18359375
2 0.1421875 0.29765625 0.08828125 0.18046875
2 0.2375 0.278125 0.0921875 0.1703125
2 0.06328125 0.52421875 0.090625 0.18671875
2 0.15703125 0.5 0.0828125 0.18828125
2 0.25078125 0.471875 0.08828125 0.1796875
2 0.08359375 0.7203125 0.09609375 0.17578125
2 0.17734375 0.69296875 0.08828125 0.16953125
2 0.2671875 0.6625 0.0875 0.1796875
2 0.10625 0.90703125 0.0859375 0.1703125
1 0.384375 0.23203125 0.09921875 0.19140625
1 0.48359375 0.20625 0.09375 0.1796875
1 0.5796875 0.17890625 0.09375 0.190625
1 0.39765625 0.43046875 0.090625 0.18515625
1 0.49453125 0.40703125 0.09140625 0.18671875
1 0.5890625 0.38046875 0.08984375 0.18359375
3 0.72421875 0.14296875 0.09140625 0.1890625
3 0.81796875 0.1234375 0.08515625 0.1765625
3 0.90859375 0.10859375 0.0890625 0.17734375
3 0.7296875 0.34921875 0.08515625 0.18828125
3 0.821875 0.3203125 0.0796875 0.18046875
3 0.91015625 0.30390625 0.08984375 0.184375
3 0.7328125 0.5390625 0.08515625 0.171875
3 0.82421875 0.51953125 0.084375 0.16953125
3 0.90859375 0.496875 0.08125 0.16875
3 0.73828125 0.7265625 0.078125 0.17421875