1 0.1359375 0.11640625 0.0890625 0.21875
1 0.23359375 0.1265625 0.0875 0.23203125
1 0.04140625 0.34375 0.08046875 0.215625
1 0.1359375 0.35703125 0.0921875 0.2125
1 0.23203125 0.365625 0.0875 0.22109375
1 0.04609375 0.575 0.08984375 0.203125
1 0.14140625 0.58125 0.090625 0.2015625
1 0.2359375 0.5921875 0.0875 0.19375
1 0.05703125 0.79375 0.08359375 0.20234375
1 0.14609375 0.80234375 0.08828125 0.1953125
1 0.23671875 0.8203125 0.0875 0.209375
2 0.37734375 0.37421875 0.09296875 0.2125
2 0.47890625 0.38203125 0.09296875 0.2109375
2 0.58203125 0.39375 0.08984375 0.22109375
2 0.37578125 0.60078125 0.08515625 0.19921875
2 0.47734375 0.6140625 0.09296875 0.2078125
2 0.57578125 0.621875 0.08671875 0.2046875
2 0.378125 0.825 0.084375 0.2
2 0.475 0.8359375 0.0890625 0.1921875
2 0.57265625 0.84453125 0.08359375 0.19453125
3 0.74453125 0.39609375 0.08359375 0.2109375
3 0.84296875 0.4046875 0.0859375 0.2171875
3 0.93671875 0.4203125 0.08515625 0.2140625
3 0.73515625 0.62578125 0.09140625 0.21171875
3 0.83359375 0.6359375 0.09375 0.20078125
3 0.928125 0.64140625 0.08671875 0.20625
3 0.72578125 0.840625 0.08828125 0.19296875
3 0.821875 0.85078125 0.08984375 0.18671875
3 0.91640625 0.8546875 0.08359375 0.19609375