0 0.0796875 0.13515625 0.14140625 0.228125
0 0.23359375 0.1375 0.146875 0.2265625
0 0.38984375 0.140625 0.14375 0.23203125
0 0.08671875 0.3796875 0.14296875 0.2265625
0 0.24453125 0.3796875 0.13671875 0.23359375
0 0.396875 0.38125 0.1390625 0.221875
0 0.0953125 0.615625 0.1421875 0.20390625
0 0.25234375 0.6140625 0.13359375 0.20859375
0 0.403125 0.61953125 0.13203125 0.21171875
0 0.1171875 0.83671875 0.14765625 0.21484375
0 0.259375 0.8484375 0.13125 0.21015625
0 0.40234375 0.85234375 0.13125 0.21875
1 0.92578125 0.85234375 0.13125 0.22265625