1 0.7328125 0.1859375 0.16015625 0.25234375
1 0.92421875 0.19453125 0.1515625 0.246875
1 0.72578125 0.453125 0.17578125 0.253125
1 0.9171875 0.4609375 0.1515625 0.23046875
1 0.73203125 0.71171875 0.15390625 0.2390625
1 0.90234375 0.7109375 0.1578125 0.24453125
1 0.73984375 0.92109375 0.15546875 0.1578125
1 0.90859375 0.925 0.15234375 0.15
0 0.47890625 0.6828125 0.159375 0.240625
0 0.465625 0.43203125 0.16484375 0.246875
0 0.44921875 0.1640625 0.171875 0.23671875
0 0.275 0.1875 0.178125 0.26171875
0 0.090625 0.20625 0.16953125 0.24375
0 0.1109375 0.4703125 0.1671875 0.24140625
0 0.29375 0.45546875 0.16171875 0.21953125
0 0.30546875 0.70390625 0.15625 0.22890625
0 0.13046875 0.71953125 0.1546875 0.23125