2 0.128125 0.13203125 0.2109375 0.2421875
2 0.36484375 0.1359375 0.2125 0.2609375
2 0.59609375 0.13359375 0.21484375 0.25703125
2 0.13515625 0.40703125 0.22109375 0.26328125
2 0.36484375 0.41171875 0.2203125 0.26796875
2 0.1375 0.684375 0.2265625 0.2546875
2 0.35546875 0.67578125 0.20078125 0.25859375
2 0.1375 0.9078125 0.21328125 0.184375
2 0.3515625 0.9078125 0.20546875 0.171875
1 0.9125 0.1609375 0.17421875 0.25546875
1 0.9078125 0.43828125 0.18125 0.246875
1 0.90234375 0.7078125 0.18125 0.240625
1 0.8953125 0.92265625 0.19765625 0.1546875