0 0.1 0.17109375 0.165625 0.2140625
0 0.271875 0.16796875 0.1578125 0.22578125
0 0.44140625 0.16484375 0.1625 0.22734375
0 0.10546875 0.40546875 0.1640625 0.221875
0 0.2796875 0.40625 0.1546875 0.21953125
0 0.4484375 0.40390625 0.16171875 0.2265625
0 0.1203125 0.63515625 0.15859375 0.21328125
0 0.28671875 0.63984375 0.1578125 0.221875
0 0.45 0.64296875 0.15703125 0.22109375
0 0.13515625 0.86171875 0.1515625 0.20625
0 0.2953125 0.86640625 0.15703125 0.2078125
0 0.4546875 0.86796875 0.14765625 0.21796875
1 0.6875 0.86015625 0.15859375 0.25
1 0.85234375 0.8671875 0.1484375 0.25625