2 0.046875 0.12578125 0.08984375 0.2421875
2 0.1484375 0.13359375 0.10625 0.25234375
2 0.05078125 0.375 0.1 0.22734375
2 0.15390625 0.38125 0.0984375 0.24453125
2 0.053125 0.609375 0.09921875 0.21796875
2 0.15703125 0.62734375 0.096875 0.225
2 0.06015625 0.8453125 0.0953125 0.2265625
2 0.16171875 0.85390625 0.09609375 0.22421875
1 0.31796875 0.1515625 0.10859375 0.23984375
1 0.434375 0.16171875 0.10546875 0.2546875
1 0.54765625 0.16953125 0.10390625 0.2453125
1 0.315625 0.40546875 0.1015625 0.234375
1 0.428125 0.41953125 0.10703125 0.228125
1 0.540625 0.42578125 0.1015625 0.240625
1 0.31484375 0.64375 0.10546875 0.21796875
1 0.42734375 0.659375 0.1078125 0.21015625
1 0.534375 0.665625 0.1 0.22734375
1 0.31796875 0.88203125 0.09609375 0.215625
1 0.421875 0.88828125 0.0984375 0.21328125
1 0.53125 0.896875 0.10234375 0.20625
3 0.70703125 0.18984375 0.09609375 0.23203125
3 0.81484375 0.18984375 0.10625 0.23125
3 0.9265625 0.20078125 0.10234375 0.2390625
3 0.69921875 0.43984375 0.090625 0.22890625
3 0.803125 0.44609375 0.1 0.23203125
3 0.91015625 0.453125 0.09921875 0.2265625
3 0.6890625 0.67578125 0.090625 0.22265625
3 0.79296875 0.6875 0.09453125 0.22578125
3 0.89765625 0.68828125 0.09453125 0.2140625
3 0.68125 0.89921875 0.096875 0.2015625
3 0.7828125 0.90078125 0.09140625 0.1890625
3 0.88515625 0.9015625 0.096875 0.19609375