3 0.60546875 0.384375 0.14140625 0.25078125
3 0.75625 0.38984375 0.13046875 0.25625
3 0.8953125 0.3875 0.13046875 0.22734375
3 0.61171875 0.64609375 0.1375 0.2359375
3 0.7484375 0.646875 0.1296875 0.24296875
3 0.88828125 0.640625 0.1375 0.225
3 0.59921875 0.884375 0.12734375 0.2078125
3 0.73984375 0.8953125 0.13125 0.20546875
3 0.88203125 0.89140625 0.13359375 0.21640625
2 0.07578125 0.1390625 0.13125 0.25078125
2 0.22734375 0.12890625 0.1421875 0.25390625
2 0.08125 0.40390625 0.1390625 0.24453125
2 0.22890625 0.4015625 0.13671875 0.24609375
2 0.37578125 0.396875 0.1328125 0.25234375
2 0.0859375 0.65859375 0.1375 0.22734375
2 0.23046875 0.6625 0.14296875 0.25078125
2 0.37578125 0.65625 0.13046875 0.2546875
2 0.09765625 0.8953125 0.13671875 0.1984375
2 0.2375 0.89375 0.1390625 0.19375
2 0.3765625 0.89453125 0.13359375 0.196875