0 0.08359375 0.17265625 0.14375 0.2171875
0 0.2328125 0.153125 0.13359375 0.2203125
0 0.38203125 0.1375 0.140625 0.2234375
0 0.10703125 0.4140625 0.14296875 0.23515625
0 0.25390625 0.39375 0.13125 0.24296875
0 0.3984375 0.38671875 0.1390625 0.23046875
0 0.1234375 0.65859375 0.14375 0.20703125
0 0.2671875 0.6453125 0.13125 0.215625
0 0.4078125 0.63515625 0.14140625 0.215625
0 0.14375 0.89296875 0.13984375 0.203125
0 0.28359375 0.87734375 0.12890625 0.2171875
0 0.425 0.865625 0.134375 0.2234375
1 0.63203125 0.84296875 0.1390625 0.2484375
1 0.7765625 0.8390625 0.1375 0.23359375