0 0.0796875 0.1578125 0.15 0.23203125
0 0.23515625 0.15546875 0.14609375 0.23125
0 0.38828125 0.15390625 0.14375 0.228125
0 0.084375 0.396875 0.1484375 0.22109375
0 0.23984375 0.4015625 0.1421875 0.22578125
0 0.3953125 0.40078125 0.15546875 0.22890625
0 0.0921875 0.6359375 0.15 0.22109375
0 0.2484375 0.63515625 0.146875 0.23046875
0 0.39921875 0.640625 0.13984375 0.22578125
0 0.10625 0.8671875 0.14921875 0.2140625
0 0.25625 0.86640625 0.1359375 0.21640625
0 0.40234375 0.8796875 0.13828125 0.2265625
1 0.61484375 0.8671875 0.140625 0.25
1 0.76484375 0.86953125 0.14140625 0.23125