2 0.14453125 0.46328125 0.0890625 0.20703125
2 0.04921875 0.47890625 0.09140625 0.221875
2 0.23125 0.209375 0.09296875 0.19453125
2 0.13203125 0.2265625 0.09765625 0.19453125
2 0.04140625 0.24609375 0.0828125 0.22734375
3 0.75859375 0.15859375 0.09609375 0.2109375
3 0.85234375 0.1515625 0.08359375 0.2171875
3 0.94609375 0.1453125 0.090625 0.2046875
3 0.75703125 0.39140625 0.08984375 0.22890625
3 0.8484375 0.38828125 0.0859375 0.21875
3 0.94296875 0.3796875 0.08671875 0.20625
3 0.75078125 0.621875 0.08203125 0.21015625
3 0.8421875 0.6140625 0.08203125 0.2015625
3 0.93359375 0.6046875 0.08359375 0.19453125
3 0.75078125 0.84296875 0.08203125 0.19296875
3 0.840625 0.83203125 0.08046875 0.19765625