0 0.075 0.20859375 0.1484375 0.246875
0 0.2375 0.1875 0.1546875 0.246875
0 0.390625 0.1703125 0.153125 0.25078125
0 0.090625 0.4703125 0.14609375 0.2484375
0 0.2546875 0.45390625 0.1515625 0.24453125
0 0.40859375 0.43125 0.15 0.2546875
0 0.1078125 0.7296875 0.16015625 0.2328125
0 0.26796875 0.7140625 0.1453125 0.24375
0 0.421875 0.6890625 0.1453125 0.2390625
1 0.64296875 0.17890625 0.159375 0.24609375
1 0.803125 0.171875 0.146875 0.24296875
1 0.64375 0.44609375 0.14921875 0.253125
1 0.80078125 0.43828125 0.14765625 0.2484375
1 0.94296875 0.4203125 0.1140625 0.259375
1 0.64375 0.7 0.1390625 0.2390625
1 0.79921875 0.6953125 0.14375 0.23046875
1 0.940625 0.68828125 0.11875 0.21953125
1 0.64609375 0.91640625 0.1375 0.165625
1 0.796875 0.91875 0.14296875 0.159375
1 0.93671875 0.90859375 0.1234375 0.1828125