1 0.52421875 0.38828125 0.09609375 0.221875
1 0.41953125 0.39453125 0.09296875 0.21875
1 0.41953125 0.153125 0.096875 0.21640625
1 0.5234375 0.153125 0.0953125 0.22421875
3 0.778125 0.12890625 0.08984375 0.21484375
3 0.8703125 0.128125 0.08828125 0.22265625
3 0.7703125 0.36328125 0.08515625 0.2171875
3 0.86171875 0.36171875 0.0859375 0.2171875
3 0.76484375 0.59453125 0.0890625 0.2109375
3 0.859375 0.590625 0.08671875 0.20078125
3 0.76328125 0.81640625 0.0875 0.19375
3 0.85390625 0.80859375 0.0890625 0.1921875
2 0.04765625 0.1921875 0.0875 0.21640625
2 0.146875 0.17734375 0.09140625 0.21953125
2 0.2453125 0.1734375 0.090625 0.21640625
2 0.05546875 0.43515625 0.08984375 0.20625
2 0.15234375 0.41953125 0.0859375 0.20625
2 0.0671875 0.66171875 0.08515625 0.1984375
2 0.165625 0.65078125 0.08828125 0.20390625
2 0.0796875 0.8859375 0.08671875 0.19765625
2 0.17734375 0.87734375 0.0890625 0.196875