2 0.1140625 0.16953125 0.1640625 0.20234375
2 0.3171875 0.1640625 0.18125 0.2125
2 0.12734375 0.39296875 0.184375 0.2015625
2 0.3203125 0.38984375 0.17890625 0.215625
2 0.1390625 0.6140625 0.1734375 0.1953125
2 0.33515625 0.61015625 0.1765625 0.1890625
2 0.1625 0.8234375 0.1734375 0.1890625
2 0.35078125 0.81953125 0.17109375 0.18984375
2 0.53203125 0.8171875 0.165625 0.19453125
2 0.525 0.60546875 0.165625 0.19609375
2 0.51875 0.38125 0.175 0.20859375
3 0.834375 0.58515625 0.16171875 0.18984375
3 0.8375 0.3703125 0.16640625 0.20078125
3 0.840625 0.14375 0.1765625 0.20859375