0 0.09140625 0.14921875 0.165625 0.24140625
0 0.26484375 0.14765625 0.17421875 0.24296875
0 0.44609375 0.14765625 0.17421875 0.23515625
0 0.0921875 0.4015625 0.17578125 0.21875
0 0.27734375 0.4 0.17109375 0.234375
0 0.4546875 0.396875 0.171875 0.23359375
0 0.10625 0.6359375 0.17265625 0.21875
0 0.284375 0.63671875 0.16171875 0.221875
0 0.45703125 0.640625 0.16328125 0.22421875
0 0.12109375 0.8609375 0.171875 0.21328125
0 0.29453125 0.8703125 0.1578125 0.21640625
0 0.46328125 0.87421875 0.1609375 0.20859375
1 0.709375 0.86953125 0.1640625 0.23515625
1 0.88203125 0.8703125 0.1609375 0.23671875