2 0.05078125 0.13515625 0.09375 0.2359375
2 0.15234375 0.13515625 0.09140625 0.2359375
2 0.25234375 0.12890625 0.096875 0.24375
2 0.05859375 0.3921875 0.09296875 0.2328125
2 0.1578125 0.3890625 0.0859375 0.23515625
2 0.25390625 0.38515625 0.08984375 0.23359375
2 0.06484375 0.6390625 0.08984375 0.225
2 0.1578125 0.6296875 0.08984375 0.20625
3 0.7578125 0.140625 0.0828125 0.240625
3 0.75 0.38515625 0.09140625 0.2328125
3 0.8484375 0.13515625 0.08984375 0.234375
3 0.9421875 0.14375 0.08828125 0.23515625
3 0.840625 0.39453125 0.08046875 0.22890625
3 0.93359375 0.390625 0.08984375 0.23203125
3 0.74140625 0.63203125 0.0875 0.22734375
3 0.8328125 0.63046875 0.08671875 0.2046875
3 0.92578125 0.6328125 0.08203125 0.2125
3 0.7375 0.871875 0.084375 0.1984375