1 0.08671875 0.21171875 0.1546875 0.203125
1 0.2546875 0.190625 0.14453125 0.21328125
1 0.4125 0.16953125 0.14765625 0.2078125
1 0.0953125 0.43515625 0.15625 0.18984375
1 0.26484375 0.41171875 0.14921875 0.18359375
1 0.42578125 0.390625 0.153125 0.19609375
1 0.11015625 0.646875 0.15 0.190625
1 0.27578125 0.625 0.1390625 0.1828125
1 0.4328125 0.60546875 0.14296875 0.196875
1 0.13046875 0.84921875 0.14765625 0.18203125
1 0.44375 0.809375 0.14296875 0.20234375
3 0.6421875 0.1375 0.14609375 0.20546875
3 0.7984375 0.11875 0.14296875 0.1953125
3 0.64453125 0.3640625 0.1375 0.203125
3 0.646875 0.5734375 0.13828125 0.1953125
3 0.65546875 0.78046875 0.1359375 0.1921875