0 0.08828125 0.115625 0.153125 0.2234375
0 0.24609375 0.12421875 0.1453125 0.240625
0 0.39921875 0.12890625 0.14921875 0.24609375
0 0.08984375 0.35390625 0.14375 0.2390625
0 0.24921875 0.3703125 0.1515625 0.225
0 0.4015625 0.378125 0.14140625 0.2359375
0 0.096875 0.60078125 0.14375 0.21171875
0 0.24921875 0.60703125 0.14453125 0.22578125
0 0.40078125 0.61875 0.13671875 0.21328125
0 0.10234375 0.82734375 0.140625 0.2125
0 0.24375 0.8390625 0.1359375 0.21640625
0 0.39296875 0.84921875 0.1390625 0.21328125
1 0.62109375 0.15234375 0.13515625 0.23359375
1 0.61171875 0.403125 0.14296875 0.23359375
1 0.7640625 0.41640625 0.1390625 0.26484375
1 0.91484375 0.42265625 0.14296875 0.26171875
1 0.60234375 0.6484375 0.140625 0.21171875
1 0.7515625 0.66328125 0.14609375 0.21015625
1 0.90390625 0.67578125 0.13984375 0.22265625
1 0.596875 0.87265625 0.134375 0.21171875
1 0.74375 0.88515625 0.13671875 0.21328125
1 0.88671875 0.8984375 0.13671875 0.203125