0 0.071875 0.12421875 0.1375 0.2359375
0 0.21796875 0.1234375 0.1390625 0.22109375
0 0.36796875 0.12890625 0.14296875 0.23671875
0 0.0734375 0.37109375 0.1421875 0.22265625
0 0.225 0.375 0.1359375 0.2265625
0 0.36796875 0.38046875 0.1359375 0.23828125
0 0.0875 0.6125 0.13359375 0.2234375
0 0.23046875 0.61875 0.1328125 0.22421875
0 0.37265625 0.62265625 0.1359375 0.23125
0 0.0953125 0.8515625 0.134375 0.215625
0 0.234375 0.8578125 0.1265625 0.215625
0 0.3734375 0.86875 0.134375 0.22578125
1 0.7453125 0.13359375 0.13828125 0.2421875
1 0.8953125 0.1421875 0.14921875 0.2515625
1 0.58515625 0.378125 0.13828125 0.25
1 0.7359375 0.390625 0.14140625 0.2546875
1 0.88984375 0.40234375 0.13203125 0.2328125
1 0.58828125 0.6390625 0.1390625 0.2484375
1 0.7328125 0.646875 0.134375 0.23515625
1 0.8828125 0.65390625 0.1328125 0.240625
1 0.58828125 0.884375 0.13671875 0.21171875
1 0.72890625 0.88671875 0.1296875 0.215625
1 0.875 0.89140625 0.12421875 0.20859375