1 0.14296875 0.12578125 0.08828125 0.225
1 0.24296875 0.13984375 0.0890625 0.2265625
1 0.046875 0.3515625 0.08828125 0.2234375
1 0.14453125 0.3671875 0.08984375 0.221875
1 0.23984375 0.38046875 0.090625 0.21640625
1 0.05546875 0.5890625 0.0890625 0.20625
1 0.14921875 0.5984375 0.0921875 0.21015625
1 0.246875 0.60390625 0.09453125 0.209375
1 0.06015625 0.8109375 0.0890625 0.18984375
1 0.15625 0.81953125 0.0875 0.203125
1 0.24921875 0.8328125 0.08984375 0.21484375
2 0.384375 0.3921875 0.09140625 0.2046875
2 0.48828125 0.3953125 0.0921875 0.2109375
2 0.58984375 0.40546875 0.0921875 0.228125
2 0.384375 0.61875 0.08984375 0.20859375
2 0.484375 0.63046875 0.090625 0.2125
2 0.58515625 0.6421875 0.09609375 0.20546875
2 0.38671875 0.8375 0.0921875 0.19609375
2 0.4828125 0.85234375 0.09296875 0.1890625
2 0.5796875 0.8578125 0.0859375 0.18828125
3 0.75390625 0.40703125 0.09453125 0.21484375
3 0.85234375 0.41796875 0.09140625 0.2140625
3 0.9484375 0.42578125 0.08671875 0.2109375
3 0.74296875 0.64296875 0.0921875 0.2109375
3 0.83984375 0.6453125 0.09375 0.2015625
3 0.93515625 0.65625 0.0859375 0.20390625
3 0.7328125 0.8625 0.0875 0.19765625
3 0.828125 0.8625 0.0921875 0.19375
3 0.92265625 0.86953125 0.08671875 0.18515625