1 0.09609375 0.20234375 0.140625 0.2171875
1 0.24921875 0.18828125 0.13828125 0.22421875
1 0.4015625 0.175 0.14453125 0.22734375
1 0.109375 0.44765625 0.13359375 0.2171875
1 0.2625 0.434375 0.1390625 0.2203125
1 0.409375 0.41875 0.1296875 0.22578125
1 0.11875 0.6734375 0.13515625 0.1875
1 0.2640625 0.66875 0.13671875 0.215625
1 0.41015625 0.6578125 0.1328125 0.2140625
1 0.26796875 0.8875 0.1328125 0.19609375
1 0.415625 0.88359375 0.128125 0.20703125
3 0.6390625 0.15546875 0.12890625 0.21875
3 0.7875 0.14453125 0.13203125 0.2125
3 0.92578125 0.1359375 0.128125 0.20625
3 0.6375 0.3921875 0.12890625 0.21953125
3 0.78046875 0.38046875 0.13203125 0.2234375
3 0.921875 0.3734375 0.12734375 0.2171875
3 0.7734375 0.6171875 0.12734375 0.21328125
3 0.9109375 0.603125 0.1234375 0.209375
3 0.76796875 0.8390625 0.1328125 0.20703125
3 0.90234375 0.83203125 0.1265625 0.20234375